# file = combined_matrix_1.dat

36500.1447 10905.3629 10688.6120   249.2685    36.5301   807.2959
10905.3629 42179.8127 11102.7620   315.6198  -186.5630   265.4295
10688.6120 11102.7620 37540.3100    29.6822  -188.2779   810.6819
  249.2685   315.6198    29.6822 13118.9719   485.5846     0.1430
   36.5301  -186.5630  -188.2779   485.5846 13418.3690    58.9024
  807.2959   265.4295   810.6819     0.1430    58.9024 12625.6223


# file = combined_matrix_2.dat

84000.0000 28000.0000 28000.0000     0.0000     0.0000     0.0000
28000.0000 84000.0000 28000.0000     0.0000     0.0000     0.0000
28000.0000 28000.0000 84000.0000     0.0000     0.0000     0.0000
    0.0000     0.0000     0.0000 28000.0000     0.0000     0.0000
    0.0000     0.0000     0.0000     0.0000 28000.0000     0.0000
    0.0000     0.0000     0.0000     0.0000     0.0000 28000.0000


# file = combined_matrix_3.dat

13643.0745  3507.8492  2842.2510    36.7363   532.4701   481.4944
 3507.8492 15753.0995  3476.0015  -203.0089   143.6264   559.0953
 2842.2510  3476.0015 15684.8191  -245.3079   805.5700   163.4513
   36.7363  -203.0089  -245.3079  5288.7174   317.9148    98.0627
  532.4701   143.6264   805.5700   317.9148  3724.2465    26.8838
  481.4944   559.0953   163.4513    98.0627    26.8838  5148.9528


# file = combined_matrix_4.dat

36067.9085 10673.4345 10913.5489    27.1444   930.0445   240.5034
10673.4345 37851.5485 10341.2770   -84.6634   295.0535   250.9172
10913.5489 10341.2770 36452.0833   -42.4993   939.6165    51.0368
   27.1444   -84.6634   -42.4993 12514.2848    96.0350   474.6900
  930.0445   295.0535   939.6165    96.0350 12989.5723     1.2856
  240.5034   250.9172    51.0368   474.6900     1.2856 12884.5701


# file = combined_matrix_5.dat

27932.4993  7906.9827  7971.8788    48.0612   192.2665   205.6666
 7906.9827 27483.7162  7902.3824   -33.5869     7.7724   176.8659
 7971.8788  7902.3824 28438.9632   -66.7379   229.0537    37.2812
   48.0612   -33.5869   -66.7379  9859.6329    94.7471    44.2569
  192.2665     7.7724   229.0537    94.7471  9980.5859    30.0259
  205.6666   176.8659    37.2812    44.2569    30.0259  9804.2983


# file = combined_matrix_6.dat

35108.8488 10586.5243 10464.3472   -10.0155   513.7655    -4.7168
10586.5243 44727.6692 11811.3498   -15.3062   283.2832   -27.6302
10464.3472 11811.3498 39925.7880    -7.1225   717.7883    -3.9052
  -10.0155   -15.3062    -7.1225 14448.3909    -7.3771   454.5760
  513.7655   283.2832   717.7883    -7.3771 12293.4544   -14.8031
   -4.7168   -27.6302    -3.9052   454.5760   -14.8031 12614.8951


# file = combined_matrix_7.dat

65754.3285 20944.7634 21264.4567   -20.6814   263.9139    91.0500
20944.7634 69140.7405 21863.7810  -110.8974    74.1777    21.5574
21264.4567 21863.7810 69649.9911  -112.0963   391.3236   -17.6647
  -20.6814  -110.8974  -112.0963 23400.7554     6.3444   102.7031
  263.9139    74.1777   391.3236     6.3444 22622.0335     4.8317
   91.0500    21.5574   -17.6647   102.7031     4.8317 22309.0900


# file = combined_matrix_8.dat

29670.0998  8543.0718  7974.0464    -3.4864    52.5024   599.5359
 8543.0718 29033.4460  8002.1816   -10.7183     8.6627   540.8742
 7974.0464  8002.1816 27811.9475   -26.7045    24.7822    67.6530
   -3.4864   -10.7183   -26.7045  9858.7342   117.5446    10.7890
   52.5024     8.6627    24.7822   117.5446  9893.2932    -7.2515
  599.5359   540.8742    67.6530    10.7890    -7.2515 10635.9143


# file = combined_matrix_9.dat

35178.2119  9316.9540  9946.3357    20.3211   396.2511   129.8163
 9316.9540 32359.1972  9409.7455    85.9233    99.1118    57.2588
 9946.3357  9409.7455 34342.8028   -30.3631   420.4250    72.7204
   20.3211    85.9233   -30.3631 11413.0838    97.4392   140.2367
  396.2511    99.1118   420.4250    97.4392 12261.7845    46.1790
  129.8163    57.2588    72.7204   140.2367    46.1790 11421.8268


# file = combined_matrix_10.dat

30246.5965  8607.2522  8759.8558   -29.1462    36.9746  -149.4557
 8607.2522 30921.4262  8861.2813   -69.2808    51.9100  -183.2070
 8759.8558  8861.2813 31431.3865   -77.0650    61.8322     2.7591
  -29.1462   -69.2808   -77.0650 11004.2431   -54.6157    55.0321
   36.9746    51.9100    61.8322   -54.6157 10775.9752   -50.8859
 -149.4557  -183.2070     2.7591    55.0321   -50.8859 10617.8490


# file = combined_matrix_11.dat

24071.5992  6781.0136  6768.6288    -4.5403   -32.3789   -28.3253
 6781.0136 24062.0161  6787.9436   -24.3405     0.4946   -32.1191
 6768.6288  6787.9436 24029.3486   -11.9819   -30.5990    -0.5443
   -4.5403   -24.3405   -11.9819  8595.3184    -6.5663    -4.8021
  -32.3789     0.4946   -30.5990    -6.5663  8577.1813    -7.5218
  -28.3253   -32.1191    -0.5443    -4.8021    -7.5218  8598.4632


# file = combined_matrix_12.dat

37420.7738  9630.3570  9209.2338   160.2665  -117.1987    79.9105
 9630.3570 33082.6187  9021.8255   486.9121     0.9747    58.6511
 9209.2338  9021.8255 31268.2686   318.5818   -40.0471   -23.6797
  160.2665   486.9121   318.5818 10900.9050   -13.1593    -8.0512
 -117.1987     0.9747   -40.0471   -13.1593 11258.1131   325.9344
   79.9105    58.6511   -23.6797    -8.0512   325.9344 11948.7849


# file = combined_matrix_13.dat

27994.8795  7922.9313  7974.0508    67.9628     1.6000    49.7402
 7922.9313 28148.1061  7938.0203   105.5798    11.1153     6.8824
 7974.0508  7938.0203 28162.6973    36.1259     9.7050    21.4309
   67.9628   105.5798    36.1259  9890.6046    13.6304    -1.5808
    1.6000    11.1153     9.7050    13.6304  9896.9652    50.4305
   49.7402     6.8824    21.4309    -1.5808    50.4305  9964.4678


# file = combined_matrix_14.dat

83337.7431 27645.7148 27611.3362    20.2791    -9.8324     7.0794
27645.7148 83072.5725 27593.9890    48.0189    -1.1916     5.4024
27611.3362 27593.9890 82932.7400    40.6876    -6.1597    -1.1550
   20.2791    48.0189    40.6876 27673.9569    -0.6247    -1.5691
   -9.8324    -1.1916    -6.1597    -0.6247 27713.3723    19.1852
    7.0794     5.4024    -1.1550    -1.5691    19.1852 27749.5828


# file = combined_matrix_15.dat

30300.7761  8533.9040  8794.9416     7.6173   162.2138   154.2188
 8533.9040 30861.4150  8703.4548   -54.0579    14.4527   169.6701
 8794.9416  8703.4548 31382.7204   -80.6685   237.7116    20.9210
    7.6173   -54.0579   -80.6685 10821.3909    66.9355    49.8222
  162.2138    14.4527   237.7116    66.9355 10860.9025   -14.4351
  154.2188   169.6701    20.9210    49.8222   -14.4351 10554.3792


# file = combined_matrix_16.dat

49712.9810 15612.8656 15567.7428    -2.4137  1367.6625   -27.8511
15612.8656 59000.1670 16816.5997   -11.0958   704.4511   -41.5599
15567.7428 16816.5997 54390.7304   -12.1967  1497.8653   -16.9063
   -2.4137   -11.0958   -12.1967 19185.5239   -14.7491   808.5100
 1367.6625   704.4511  1497.8653   -14.7491 17260.5819    -5.8109
  -27.8511   -41.5599   -16.9063   808.5100    -5.8109 17660.4869


# file = combined_matrix_17.dat

83552.6814 27783.3933 27824.3420    -0.1583     0.3659   -17.0498
27783.3933 83404.5917 27786.7276     0.2873    -0.0651   -12.4064
27824.3420 27786.7276 83658.2291     0.6750     0.8874    -7.3109
   -0.1583     0.2873     0.6750 27840.4778    -6.9246     0.0770
    0.3659    -0.0651     0.8874    -6.9246 27879.2261    -0.1483
  -17.0498   -12.4064    -7.3109     0.0770    -0.1483 27825.8724


# file = combined_matrix_18.dat

55891.2687 14846.4134 15088.0091  -422.2664   328.1389   143.1605
14846.4134 48428.1186 14076.6168 -1131.6283     7.7222   161.4489
15088.0091 14076.6168 49608.3653 -1064.8452   276.5019   -41.5665
 -422.2664 -1131.6283 -1064.8452 15885.0113    -8.7908    26.5594
  328.1389     7.7222   276.5019    -8.7908 17345.8174  -526.2871
  143.1605   161.4489   -41.5665    26.5594  -526.2871 17207.8037


# file = combined_matrix_19.dat

25918.7845  7356.5601  7381.6642     5.6029    -7.5734    -8.4376
 7356.5601 26102.5311  7475.3812   -61.5480   -10.9744    -2.6656
 7381.6642  7475.3812 26663.4219  -150.4261   -10.8062     9.2872
    5.6029   -61.5480  -150.4261  9389.7162     4.3262   -10.0555
   -7.5734   -10.9744   -10.8062     4.3262  9287.2153    -8.8976
   -8.4376    -2.6656     9.2872   -10.0555    -8.8976  9215.6078


# file = combined_matrix_20.dat

41472.6670 12187.4617 11617.7960  -189.1454   795.4852  -667.6231
12187.4617 41638.9167 11338.9196  -221.7489   310.4128  -634.1303
11617.7960 11338.9196 39255.3703  -264.4836   744.6734  -167.3314
 -189.1454  -221.7489  -264.4836 13526.3293  -272.1126   367.7090
  795.4852   310.4128   744.6734  -272.1126 13793.7495  -188.9307
 -667.6231  -634.1303  -167.3314   367.7090  -188.9307 14597.6769


# file = combined_matrix_21.dat

59203.6698 16029.1023 17048.2773  -300.7816  -146.7496  -407.1886
16029.1023 51445.2952 15508.3212  -821.9255    34.3859  -298.2862
17048.2773 15508.3212 55482.9941  -923.9866  -107.4769   -47.6158
 -300.7816  -821.9255  -923.9866 17191.3142   -51.3538     9.3419
 -146.7496    34.3859  -107.4769   -51.3538 19371.0812  -369.4616
 -407.1886  -298.2862   -47.6158     9.3419  -369.4616 18018.2718


# file = combined_matrix_22.dat

28560.1417  7945.9345  7923.5349   -78.8107  -178.1051   -37.0317
 7945.9345 27694.7747  8144.9178  -473.2086   -15.8946   -66.4794
 7923.5349  8144.9178 28120.2403  -476.7589  -176.1227    76.7501
  -78.8107  -473.2086  -476.7589 10081.6872    52.4584   -31.7562
 -178.1051   -15.8946  -176.1227    52.4584 10007.8599  -196.8510
  -37.0317   -66.4794    76.7501   -31.7562  -196.8510  9959.2099


# file = combined_matrix_23.dat

27161.4204  7556.5506  7636.0140    16.8595  -375.6065  -140.1272
 7556.5506 26845.9145  7423.6948   -86.9409   -18.6810  -115.6067
 7636.0140  7423.6948 26257.5043  -100.0051  -295.8893    -2.0515
   16.8595   -86.9409  -100.0051  9332.6994   -46.1040   -84.1926
 -375.6065   -18.6810  -295.8893   -46.1040  9567.5781   -16.4281
 -140.1272  -115.6067    -2.0515   -84.1926   -16.4281  9543.5272


# file = combined_matrix_24.dat

28730.6598  8130.2784  8035.7894  -190.2493   -13.6823   -41.6100
 8130.2784 28556.0558  8071.9850  -186.7829   -89.2619     7.1400
 8035.7894  8071.9850 28491.0707   -60.3694  -118.9993    27.7213
 -190.2493  -186.7829   -60.3694 10145.9236   -11.6391   -35.0539
  -13.6823   -89.2619  -118.9993   -11.6391 10057.0817   -99.3990
  -41.6100     7.1400    27.7213   -35.0539   -99.3990 10036.4936


# file = combined_matrix_25.dat

77386.8593 24961.4938 24092.4230   124.5449  -235.9589    26.6362
24961.4938 76982.5242 24047.8635   314.6009   -70.0534    22.6677
24092.4230 24047.8635 73179.5860   229.6200  -150.7301   -17.7747
  124.5449   314.6009   229.6200 24787.9008   -14.0208   -71.3457
 -235.9589   -70.0534  -150.7301   -14.0208 24853.9450   120.4297
   26.6362    22.6677   -17.7747   -71.3457   120.4297 25949.1642


# file = combined_matrix_26.dat

56028.1773 14655.1808 16989.8071   -27.6515   350.7796  -294.5480
14655.1808 48171.0593 14679.8245   -62.1103   137.3496  -173.0627
16989.8071 14679.8245 57834.7694  -125.6955   512.7360  -136.8647
  -27.6515   -62.1103  -125.6955 16590.5755  -177.5343   127.9564
  350.7796   137.3496   512.7360  -177.5343 19510.4321   -24.2872
 -294.5480  -173.0627  -136.8647   127.9564   -24.2872 16587.6123


# file = combined_matrix_27.dat

56440.5524 12900.5029 16955.0637    26.6265    36.6776  -702.8210
12900.5029 44199.4795 13782.0440    68.9542     5.3642  -529.2410
16955.0637 13782.0440 61565.6426    49.9089    41.9415  -249.1962
   26.6265    68.9542    49.9089 15897.2671  -289.2965    16.6422
   36.6776     5.3642    41.9415  -289.2965 20197.8240    37.5632
 -702.8210  -529.2410  -249.1962    16.6422    37.5632 14357.5639


# file = combined_matrix_28.dat

56812.0622 15211.2781 17255.6559     2.2363    22.1140  -916.1844
15211.2781 49479.3700 15484.1916    -3.2886     1.2357  -678.8988
17255.6559 15484.1916 60122.2314   -10.4027    16.0573  -394.0230
    2.2363    -3.2886   -10.4027 17450.2879  -470.2359     1.0560
   22.1140     1.2357    16.0573  -470.2359 19756.8075    -4.5336
 -916.1844  -678.8988  -394.0230     1.0560    -4.5336 16883.8222


# file = combined_matrix_29.dat

31098.9898  8704.8485  8810.9452   -15.6890   267.3593   -72.3452
 8704.8485 30559.4840  8554.3155   -52.8286     7.4976  -103.0153
 8810.9452  8554.3155 29988.3940    -2.4723   198.9835   -27.2261
  -15.6890   -52.8286    -2.4723 10535.4454   -53.2963    34.2742
  267.3593     7.4976   198.9835   -53.2963 10783.4834   -16.1399
  -72.3452  -103.0153   -27.2261    34.2742   -16.1399 10813.4513


# file = combined_matrix_30.dat

41925.3294 11116.0092 12001.2643   -14.8195   604.3753   -72.7238
11116.0092 38966.6874 11018.0411    61.8489   106.8207   -34.9606
12001.2643 11018.0411 41440.2074     9.1433   591.3470    19.9073
  -14.8195    61.8489     9.1433 13273.1791    11.6058   188.4171
  604.3753   106.8207   591.3470    11.6058 14429.9485   -10.5209
  -72.7238   -34.9606    19.9073   188.4171   -10.5209 13381.1611


# file = combined_matrix_31.dat

26926.0152  7818.8349  7722.5850    -8.5483    -2.9611    43.7835
 7818.8349 28140.1628  7992.0011  -144.0307     6.3551    56.4586
 7722.5850  7992.0011 28830.4226  -173.4948   -37.8628    54.2897
   -8.5483  -144.0307  -173.4948 10060.6203    70.5957     7.5999
   -2.9611     6.3551   -37.8628    70.5957  9632.4900   -22.7486
   43.7835    56.4586    54.2897     7.5999   -22.7486  9671.1839


# file = combined_matrix_32.dat

36972.2938 11080.5723 11254.0617   -18.2113   182.9184  -105.9747
11080.5723 41486.1513 12032.2545  -527.5377    50.0101  -143.7578
11254.0617 12032.2545 42503.2036  -611.4784   171.5035  -111.7503
  -18.2113  -527.5377  -611.4784 14661.9353  -120.7414   107.4999
  182.9184    50.0101   171.5035  -120.7414 13297.7153   -60.0436
 -105.9747  -143.7578  -111.7503   107.4999   -60.0436 13159.9154


# file = combined_matrix_33.dat

36049.9237 10750.9241 10792.0167     4.3820  -271.6714  -177.5596
10750.9241 36553.8273 10920.2712  -229.9252    -7.1572   -71.8253
10792.0167 10920.2712 40666.9138  -259.8028  -270.3075   -29.3883
    4.3820  -229.9252  -259.8028 13220.3784   -86.0271   -45.8725
 -271.6714    -7.1572  -270.3075   -86.0271 13082.1210   -36.8603
 -177.5596   -71.8253   -29.3883   -45.8725   -36.8603 12752.1222


# file = combined_matrix_34.dat

28012.4907  7950.2278  7941.6683    11.3187    83.7866   -19.4433
 7950.2278 29453.2473  8213.6027    78.1932    52.3074    46.7192
 7941.6683  8213.6027 28175.3486     7.9601   118.5625   -14.6864
   11.3187    78.1932     7.9601 10266.2496   -14.6751    99.6993
   83.7866    52.3074   118.5625   -14.6751  9869.7070    21.0001
  -19.4433    46.7192   -14.6864    99.6993    21.0001  9982.0029


# file = combined_matrix_35.dat

34835.4132  9519.1272 10099.5631  -435.6535    36.9577    88.8871
 9519.1272 31832.3451  9329.6943  -126.4034    33.4496    36.5381
10099.5631  9329.6943 36676.9167  -120.3399    34.6422    54.3867
 -435.6535  -126.4034  -120.3399 11475.2780    36.5056    40.3803
   36.9577    33.4496    34.6422    36.5056 11267.4874  -202.4322
   88.8871    36.5381    54.3867    40.3803  -202.4322 12455.6170


# file = combined_matrix_36.dat

52735.1493 15854.5442 13590.6625    -1.9989  -715.1974     6.0044
15854.5442 55281.0142 13681.4612    15.2345  -238.1687    15.9206
13590.6625 13681.4612 43711.2668    -2.1961  -574.6815    -3.1044
   -1.9989    15.2345    -2.1961 15573.9201     8.8408  -341.4841
 -715.1974  -238.1687  -574.6815     8.8408 15394.5705   -11.3165
    6.0044    15.9206    -3.1044  -341.4841   -11.3165 18562.3267


# file = combined_matrix_37.dat

44490.3411 10689.6050 12962.4423    12.6133    78.5428  -380.6590
10689.6050 35814.2726 10820.0426    11.6268   -20.8771  -148.5182
12962.4423 10820.0426 45940.5975   102.1623    79.8271   -89.1415
   12.6133    11.6268   102.1623 12707.3645  -143.0742   -19.6608
   78.5428   -20.8771    79.8271  -143.0742 15723.4863    31.4166
 -380.6590  -148.5182   -89.1415   -19.6608    31.4166 12522.8713


# file = combined_matrix_38.dat

31610.4107  8243.0891  9083.1259    -9.1199    86.9482  -418.0840
 8243.0891 28366.9162  8271.4241    52.7280   -10.4377  -138.2326
 9083.1259  8271.4241 35478.4084    91.8306    80.2162   -98.5714
   -9.1199    52.7280    91.8306 10306.2009  -280.3015     0.7760
   86.9482   -10.4377    80.2162  -280.3015 11520.9764    -1.4934
 -418.0840  -138.2326   -98.5714     0.7760    -1.4934 10119.6447


# file = combined_matrix_39.dat

32516.2974  9197.1852  9659.2513   -14.0551   267.4301   222.9729
 9197.1852 31912.7034  9363.8308  -108.8146    -8.3370   123.1822
 9659.2513  9363.8308 36064.4204   -62.1556   288.0919    48.5301
  -14.0551  -108.8146   -62.1556 11446.5381    80.9356    41.3168
  267.4301    -8.3370   288.0919    80.9356 11986.2982    -8.5128
  222.9729   123.1822    48.5301    41.3168    -8.5128 11261.8645


# file = combined_matrix_40.dat

29162.9619  8159.3825  8151.0361    31.7588   -70.2493   -26.0028
 8159.3825 28768.0999  8209.6208   125.8074    -9.7025   -46.5620
 8151.0361  8209.6208 28483.6199   111.4862   -95.0265   -21.7045
   31.7588   125.8074   111.4862 10147.1259   -24.4562   -29.9809
  -70.2493    -9.7025   -95.0265   -24.4562 10160.3980    58.3541
  -26.0028   -46.5620   -21.7045   -29.9809    58.3541 10187.4444


# file = combined_matrix_41.dat

49012.0960 12826.2518 14393.0886    13.2322   464.5304  -626.5524
12826.2518 43001.7630 12939.7194   265.7847    21.2577  -471.5737
14393.0886 12939.7194 51004.2171   342.8215   459.3972   -91.4509
   13.2322   265.7847   342.8215 15028.3363  -219.5763    39.5498
  464.5304    21.2577   459.3972  -219.5763 17059.6386    72.5625
 -626.5524  -471.5737   -91.4509    39.5498    72.5625 14829.7183


# file = combined_matrix_42.dat

54295.5941 14166.1186 16263.6245  -174.1729   -18.7917  -756.3665
14166.1186 45526.7078 14160.1475  -345.5451    44.2936  -590.6455
16263.6245 14160.1475 55436.6605  -459.2349   -18.9623  -213.6375
 -174.1729  -345.5451  -459.2349 15954.1250  -272.6571    55.7541
  -18.7917    44.2936   -18.9623  -272.6571 18892.0904  -201.9505
 -756.3665  -590.6455  -213.6375    55.7541  -201.9505 16089.7158


# file = combined_matrix_43.dat

47259.0520 14519.6461 14409.1291  -104.8938  -523.1093 -1597.1723
14519.6461 46738.4406 14813.1959  -781.7819    69.2566 -1491.6367
14409.1291 14813.1959 51666.4836  -996.4817  -595.2545  -434.9395
 -104.8938  -781.7819  -996.4817 17104.5547  -664.5101    -6.8839
 -523.1093    69.2566  -595.2545  -664.5101 16622.4653  -186.6946
-1597.1723 -1491.6367  -434.9395    -6.8839  -186.6946 16489.5757


# file = combined_matrix_44.dat

44285.3411 13350.1768 13524.0532   -53.8131    72.3141 -1127.1140
13350.1768 45192.3579 13799.8684  -173.7989    96.1359 -1098.2873
13524.0532 13799.8684 51137.3720  -266.6990    71.6177  -530.0532
  -53.8131  -173.7989  -266.6990 16181.5163  -771.0670    59.6035
   72.3141    96.1359    71.6177  -771.0670 15860.3934   -74.8971
-1127.1140 -1098.2873  -530.0532    59.6035   -74.8971 15377.1399


# file = combined_matrix_45.dat

36310.9426 10103.3355  9882.8806    35.1608  -134.6586    81.8861
10103.3355 37487.5146 10105.5685   152.9457   -39.0897     4.7579
 9882.8806 10105.5685 35644.3817   177.5480   -95.9447   -13.1232
   35.1608   152.9457   177.5480 12392.5484    -3.6024   -72.5675
 -134.6586   -39.0897   -95.9447    -3.6024 12059.4016    56.0132
   81.8861     4.7579   -13.1232   -72.5675    56.0132 12427.1159


# file = combined_matrix_46.dat

35277.6692  9914.5128 10573.5304  -365.1438    -0.0178   305.2637
 9914.5128 34911.7503 10234.9430  -279.0755   -66.0898    43.8195
10573.5304 10234.9430 39378.3410  -165.5115   -99.2654   351.7528
 -365.1438  -279.0755  -165.5115 11888.6308    73.1596    -4.0550
   -0.0178   -66.0898   -99.2654    73.1596 12477.9673  -243.5502
  305.2637    43.8195   351.7528    -4.0550  -243.5502 12809.3332


# file = combined_matrix_47.dat

27181.0067  7824.3054  7727.3289   -27.2559   -41.5480   -83.3825
 7824.3054 28437.0161  7756.0377  -107.9493    10.4746   -37.6005
 7727.3289  7756.0377 27367.3941   -46.6112   -15.2550    -8.0733
  -27.2559  -107.9493   -46.6112  9783.7745   -35.8374     8.1139
  -41.5480    10.4746   -15.2550   -35.8374  9605.6016   -41.4442
  -83.3825   -37.6005    -8.0733     8.1139   -41.4442  9813.2747


# file = combined_matrix_48.dat

37883.7235 10221.0970  9164.6530    84.4464    42.3099  -563.7710
10221.0970 34651.0117  8735.4998   240.5858    25.0269  -436.1791
 9164.6530  8735.4998 31687.2028   290.7939    31.9682   -20.8739
   84.4464   240.5858   290.7939 10736.7619   -16.7733    16.3109
   42.3099    25.0269    31.9682   -16.7733 11299.9717   111.4470
 -563.7710  -436.1791   -20.8739    16.3109   111.4470 12716.3525


# file = combined_matrix_49.dat

37785.8976 11367.6055 10812.2171   -63.5509   123.8215    -8.0870
11367.6055 48857.0457 12759.6945     4.6736    65.5408   -31.4680
10812.2171 12759.6945 42796.6717   -67.2728   287.6544   -11.2047
  -63.5509     4.6736   -67.2728 15560.5385    -8.0925   139.7623
  123.8215    65.5408   287.6544    -8.0925 12759.0300   -39.3340
   -8.0870   -31.4680   -11.2047   139.7623   -39.3340 13555.1603


# file = combined_matrix_50.dat

29351.5263  8246.8936  7747.9048   -10.5128   -56.5571    73.1367
 8246.8936 29358.5587  8025.5273   -75.9948    21.6569    25.7729
 7747.9048  8025.5273 28788.6807    -2.3389    53.5096   -34.9434
  -10.5128   -75.9948    -2.3389  9993.6566   -39.9316    23.1739
  -56.5571    21.6569    53.5096   -39.9316  9710.1985   -19.5523
   73.1367    25.7729   -34.9434    23.1739   -19.5523 10322.1924


# file = combined_matrix_51.dat

41630.7575 10875.1980 11051.7845   340.4381   -78.1021   201.7761
10875.1980 35906.9934 11172.5404   975.4670    80.5383   163.3620
11051.7845 11172.5404 36677.5952  1017.8065   -83.1198    22.8488
  340.4381   975.4670  1017.8065 12957.0838    65.3452    51.0644
  -78.1021    80.5383   -83.1198    65.3452 13372.6936   538.1067
  201.7761   163.3620    22.8488    51.0644   538.1067 13114.4109


# file = combined_matrix_52.dat

45188.5915 11846.8016 13642.0987     3.7764    26.6277   593.2157
11846.8016 40326.3776 12381.0870     4.0278    -0.3859   504.3866
13642.0987 12381.0870 52114.5551     0.3563    24.4120   267.4217
    3.7764     4.0278     0.3563 14430.5467   431.1800    -0.4025
   26.6277    -0.3859    24.4120   431.1800 16280.6167     1.0893
  593.2157   504.3866   267.4217    -0.4025     1.0893 13769.1846


# file = combined_matrix_53.dat

49885.0240 12920.4548 15134.7970    10.1563   -24.8186   598.3242
12920.4548 42624.2728 13282.4223    33.1661     4.5576   467.4289
15134.7970 13282.4223 56147.5269    29.5815   -15.8185   270.1707
   10.1563    33.1661    29.5815 15305.2929   434.3268     8.5980
  -24.8186     4.5576   -15.8185   434.3268 17876.9716     7.8781
  598.3242   467.4289   270.1707     8.5980     7.8781 14871.3793


# file = combined_matrix_54.dat

47986.1597 11936.8199 14070.7577  -191.6294    12.3306   269.5878
11936.8199 39500.1840 12350.7491  -491.8951   -38.7333   158.4240
14070.7577 12350.7491 48731.9717  -760.4881     6.0368    49.3679
 -191.6294  -491.8951  -760.4881 14321.4525    87.8171   -25.6115
   12.3306   -38.7333     6.0368    87.8171 16818.6646  -245.9264
  269.5878   158.4240    49.3679   -25.6115  -245.9264 13843.3072


# file = combined_matrix_55.dat

34059.3202  9571.3111  9633.0994  -178.5433   -15.9507   580.0630
 9571.3111 32073.2531  9674.9095  -434.7499  -144.2569   416.4999
 9633.0994  9674.9095 34112.2953  -676.0557   -40.3062   141.4517
 -178.5433  -434.7499  -676.0557 11730.4633   279.0050  -108.0095
  -15.9507  -144.2569   -40.3062   279.0050 11906.8768  -303.6817
  580.0630   416.4999   141.4517  -108.0095  -303.6817 11602.6997


# file = combined_matrix_56.dat

33820.4637  9460.2970  9330.3862    15.5086  -253.8782   121.7339
 9460.2970 33235.4906  9374.5155   164.1160   -24.4979   121.8619
 9330.3862  9374.5155 32982.6167   176.3344  -213.6216    -9.6281
   15.5086   164.1160   176.3344 11508.3539    18.3175   -76.1437
 -253.8782   -24.4979  -213.6216    18.3175 11494.5188    62.4492
  121.7339   121.8619    -9.6281   -76.1437    62.4492 11614.7282


# file = combined_matrix_57.dat

32475.0147  9224.3633  9391.7771  -203.1332  -144.8028   457.6291
 9224.3633 33102.6779  9295.4751  -237.3781  -187.6042   165.9418
 9391.7771  9295.4751 32977.0128  -122.9794  -171.4186   493.5056
 -203.1332  -237.3781  -122.9794 11344.8368   263.6409  -171.7504
 -144.8028  -187.6042  -171.4186   263.6409 11469.2939  -155.7866
  457.6291   165.9418   493.5056  -171.7504  -155.7866 11518.3287


# file = combined_matrix_58.dat

37986.9450 10468.6030 10711.0717  -195.3880   288.3703   270.8202
10468.6030 35462.2374 10556.1142  -620.0303     2.7227   191.7918
10711.0717 10556.1142 36408.0590  -655.9989   247.9628     7.0597
 -195.3880  -620.0303  -655.9989 12609.4139   110.1388    47.5302
  288.3703     2.7227   247.9628   110.1388 13047.7163  -367.5300
  270.8202   191.7918     7.0597    47.5302  -367.5300 12681.3683


# file = combined_matrix_59.dat

50498.3598 15456.4487 15020.7287   -48.7786  1884.4203  -189.8335
15456.4487 54576.3666 14470.0387   157.9673   753.2228  -195.6092
15020.7287 14470.0387 46516.0271    97.7064  1681.4594    19.4387
  -48.7786   157.9673    97.7064 16623.1383   -11.6208   917.9390
 1884.4203   753.2228  1681.4594   -11.6208 16995.1474   -17.3742
 -189.8335  -195.6092    19.4387   917.9390   -17.3742 17825.0424


# file = combined_matrix_60.dat

83993.8807 27997.1426 27997.1426     0.0000     0.0000     0.0000
27997.1426 83992.4121 27996.9479     0.0000     0.0000     0.0000
27997.1426 27996.9479 83992.4121     0.0000     0.0000     0.0000
    0.0000     0.0000     0.0000 27997.6162     0.0000     0.0000
    0.0000     0.0000     0.0000     0.0000 27997.8584     0.0000
    0.0000     0.0000     0.0000     0.0000     0.0000 27997.8584


# file = combined_matrix_61.dat

37681.4583 10467.7681  9321.5024   107.0304    -7.5208    53.0878
10467.7681 36039.8426  9436.5117   300.5702     0.6421    29.1811
 9321.5024  9436.5117 31378.8591    95.7708    -0.2925     5.2501
  107.0304   300.5702    95.7708 11264.7634    12.0405    -3.1711
   -7.5208     0.6421    -0.2925    12.0405 11240.0075   162.3276
   53.0878    29.1811     5.2501    -3.1711   162.3276 12961.2474


# file = combined_matrix_62.dat

31782.1054  9381.8462  9347.6878     3.1733    88.4997   145.3912
 9381.8462 33105.2081  9496.1852   138.8601    77.7021   132.0980
 9347.6878  9496.1852 32841.2498   233.8665   217.0645    87.5591
    3.1733   138.8601   233.8665 11733.1271   124.1993   108.5256
   88.4997    77.7021   217.0645   124.1993 11411.9956    27.7573
  145.3912   132.0980    87.5591   108.5256    27.7573 11474.8262


# file = combined_matrix_63.dat

25264.6000  7134.4533  7165.2667     4.2307    20.5089    36.5323
 7134.4533 25254.1207  7127.7247   -47.8390     8.1412    54.9370
 7165.2667  7127.7247 25463.5496   -27.4104    20.6293     0.4655
    4.2307   -47.8390   -27.4104  8974.0698     7.9360    12.8373
   20.5089     8.1412    20.6293     7.9360  9043.0632    -0.4691
   36.5323    54.9370     0.4655    12.8373    -0.4691  8976.1128


# file = combined_matrix_64.dat

24192.1692  6778.5815  6770.8599     7.2705   -24.0084    26.6173
 6778.5815 24222.5890  6787.2193    -0.2805    -2.8811    35.8400
 6770.8599  6787.2193 24618.7811    -8.6858    -2.0894   -10.9994
    7.2705    -0.2805    -8.6858  8638.8991    -2.6811    -4.7894
  -24.0084    -2.8811    -2.0894    -2.6811  8586.4158     7.9198
   26.6173    35.8400   -10.9994    -4.7894     7.9198  8593.6258


# file = combined_matrix_65.dat

28267.8526  7911.9786  7980.5867   -35.9015   -18.6076    80.0436
 7911.9786 27569.5868  7987.4365   -39.5978   -21.8500    11.5392
 7980.5867  7987.4365 28971.6101     7.8909   -49.0904   -20.1638
  -35.9015   -39.5978     7.8909  9907.5498   -11.8920   -18.3985
  -18.6076   -21.8500   -49.0904   -11.8920 10019.7610   -42.9965
   80.0436    11.5392   -20.1638   -18.3985   -42.9965  9852.7675


# file = combined_matrix_66.dat

38308.9573 10649.3839 10496.0584   -48.4680     7.7943   369.7350
10649.3839 38225.2580 10664.0648  -328.9624   -58.8160   418.8103
10496.0584 10664.0648 38587.5437  -371.5119   109.4374   103.9543
  -48.4680  -328.9624  -371.5119 12964.1258   171.0678   -40.0331
    7.7943   -58.8160   109.4374   171.0678 12849.9907  -114.5584
  369.7350   418.8103   103.9543   -40.0331  -114.5584 12888.9151


# file = combined_matrix_67.dat

29422.4622  8168.7653  8403.5296    99.9785   -34.5931   135.3149
 8168.7653 28200.3546  8269.1159   153.8689     6.9165    53.8485
 8403.5296  8269.1159 29516.3580   364.3020   -34.8614    15.9568
   99.9785   153.8689   364.3020 10215.3985    43.0976   -14.1078
  -34.5931     6.9165   -34.8614    43.0976 10493.1660   165.7338
  135.3149    53.8485    15.9568   -14.1078   165.7338 10102.1572


# file = combined_matrix_68.dat

34568.5025  9034.0699  9180.3763  -261.3438  -192.7362   -33.0088
 9034.0699 31206.3726  9233.3052  -202.0600  -575.3977    18.9635
 9180.3763  9233.3052 32831.0535   -38.0824  -722.5152  -109.0006
 -261.3438  -202.0600   -38.0824 11241.0105   -12.4034  -355.8946
 -192.7362  -575.3977  -722.5152   -12.4034 11228.8672   -94.7591
  -33.0088    18.9635  -109.0006  -355.8946   -94.7591 11524.5671


# file = combined_matrix_69.dat

33465.1220  9355.3336  9360.1986     4.0404   130.4771   448.4889
 9355.3336 31634.7869  9457.7358   -67.3978    -1.5747   430.2132
 9360.1986  9457.7358 32440.3474   -98.3393    87.0118   160.1334
    4.0404   -67.3978   -98.3393 11452.8617   240.1190    47.5012
  130.4771    -1.5747    87.0118   240.1190 11583.4687   -27.4465
  448.4889   430.2132   160.1334    47.5012   -27.4465 11441.5075


# file = combined_matrix_70.dat

34953.1384 10312.1780 10592.7683    42.4389  -201.2713    12.6558
10312.1780 41641.8071 11871.1239   296.2410   -85.6790    46.9136
10592.7683 11871.1239 41909.2053   265.6310  -350.8060   -16.3926
   42.4389   296.2410   265.6310 14493.4586     6.6238  -172.7653
 -201.2713   -85.6790  -350.8060     6.6238 12549.7743    44.5931
   12.6558    46.9136   -16.3926  -172.7653    44.5931 12268.6927


# file = combined_matrix_71.dat

37779.4392 11541.2161 11251.7544    34.8726   161.8863   -32.3039
11541.2161 46544.7298 12921.0081   115.8371    92.1877   -73.0755
11251.7544 12921.0081 43422.4716    56.2420   200.1749   -22.6750
   34.8726   115.8371    56.2420 15586.1928   -30.7472   103.8602
  161.8863    92.1877   200.1749   -30.7472 13184.5159    64.2039
  -32.3039   -73.0755   -22.6750   103.8602    64.2039 13562.8750


# file = combined_matrix_72.dat

35628.1296 10607.2999 10519.2242    28.0221   184.8940    22.5817
10607.2999 40107.6747 10732.6192    26.2302    56.7540   -48.9648
10519.2242 10732.6192 36468.6731    57.0242   235.9339     3.5459
   28.0221    26.2302    57.0242 13055.1539   -14.2798   125.8873
  184.8940    56.7540   235.9339   -14.2798 12603.6798    25.5696
   22.5817   -48.9648     3.5459   125.8873    25.5696 12827.7442


# file = combined_matrix_73.dat

49253.1929 15677.8084 15672.9159   -22.7513    86.4695     4.0183
15677.8084 62273.1920 18919.7154    55.0784    35.0072   -24.0622
15672.9159 18919.7154 62212.4505    43.1795   179.5212    -7.1833
  -22.7513    55.0784    43.1795 21596.1882    -6.7213    42.4602
   86.4695    35.0072   179.5212    -6.7213 17255.3137   -13.7685
    4.0183   -24.0622    -7.1833    42.4602   -13.7685 17243.3833


# file = combined_matrix_74.dat

34202.8182  9991.7440  9564.6786    -9.7693  -264.7936   119.3447
 9991.7440 38721.2512 10164.3665   264.7160   -22.6932   184.0515
 9564.6786 10164.3665 35061.2546   155.7538  -299.3773    19.2003
   -9.7693   264.7160   155.7538 12464.7393    17.6966  -103.4053
 -264.7936   -22.6932  -299.3773    17.6966 11646.8739    -3.3530
  119.3447   184.0515    19.2003  -103.4053    -3.3530 12187.5141


# file = combined_matrix_75.dat

28116.8793  7928.4648  7966.5652   -13.2361   -92.2119   -83.0106
 7928.4648 28077.4929  8047.6843   -74.7955     3.2559   -28.3395
 7966.5652  8047.6843 28933.4592  -113.8863  -121.7540    10.6100
  -13.2361   -74.7955  -113.8863 10062.6035    -9.7944   -20.8862
  -92.2119     3.2559  -121.7540    -9.7944  9980.7833   -35.1596
  -83.0106   -28.3395    10.6100   -20.8862   -35.1596  9847.3527


# file = combined_matrix_76.dat

30525.9488  8075.8244  8707.8916    11.7305   -25.0383   -17.3029
 8075.8244 28434.8334  8243.4498    31.8439     7.1995    -6.2436
 8707.8916  8243.4498 33013.5936    79.0343   -36.2269   -16.3375
   11.7305    31.8439    79.0343 10177.5022   -23.1738     8.1742
  -25.0383     7.1995   -36.2269   -23.1738 10965.2728    22.4539
  -17.3029    -6.2436   -16.3375     8.1742    22.4539  9975.0466


# file = combined_matrix_77.dat

27600.1130  7941.5319  7947.4797   -49.0128  -100.2550    54.6779
 7941.5319 28659.4888  8158.8982   -97.6650     7.1774    59.3297
 7947.4797  8158.8982 28988.6586  -105.8292   -29.1561    17.6933
  -49.0128   -97.6650  -105.8292 10243.5044    26.2468    10.9441
 -100.2550     7.1774   -29.1561    26.2468  9863.0024   -47.2109
   54.6779    59.3297    17.6933    10.9441   -47.2109  9850.0904


# file = combined_matrix_78.dat

25602.7351  7172.0419  7146.5201    -4.2631   -41.9952    88.6096
 7172.0419 25321.9174  7133.1025     0.1045    -0.3231    64.3583
 7146.5201  7133.1025 25352.9637    29.4179   -52.1298     2.0858
   -4.2631     0.1045    29.4179  8995.9593    20.2550   -12.5665
  -41.9952    -0.3231   -52.1298    20.2550  9025.6242     0.4638
   88.6096    64.3583     2.0858   -12.5665     0.4638  9061.8418


# file = combined_matrix_79.dat

36626.5868  9784.5826 10527.6551  -232.5561   -41.6152  -382.1001
 9784.5826 33143.3226  9864.2982  -135.9732   -92.2705    17.5246
10527.6551  9864.2982 36494.3681   -27.3529  -194.6831  -345.3289
 -232.5561  -135.9732   -27.3529 11873.3648   -28.1125   -70.5900
  -41.6152   -92.2705  -194.6831   -28.1125 11841.5560   -71.6512
 -382.1001    17.5246  -345.3289   -70.5900   -71.6512 12898.9045


# file = combined_matrix_80.dat

34111.2425  9692.8802  9967.8920    23.8161   610.1968   186.6337
 9692.8802 34802.1142  9771.1992   -46.0729   148.2361   182.7211
 9967.8920  9771.1992 34688.4530   -37.4822   680.2369    60.1691
   23.8161   -46.0729   -37.4822 12002.4506    95.1372   245.4573
  610.1968   148.2361   680.2369    95.1372 12085.6424   -26.0797
  186.6337   182.7211    60.1691   245.4573   -26.0797 11818.6072


# file = combined_matrix_81.dat

27803.6180  7791.4170  7828.7568     8.7815    65.4986   146.0438
 7791.4170 27802.0236  7822.6303    40.7042    -5.2995   174.4865
 7828.7568  7822.6303 29910.1400    57.5844    88.4079    42.9493
    8.7815    40.7042    57.5844  9838.0702    75.4991     1.3618
   65.4986    -5.2995    88.4079    75.4991  9925.0205    24.7788
  146.0438   174.4865    42.9493     1.3618    24.7788  9655.1473


# file = combined_matrix_82.dat

27032.9303  7579.5144  7787.3254    17.0144   169.7295    33.2242
 7579.5144 26498.5287  7620.3626    64.8547    21.0679    39.9324
 7787.3254  7620.3626 27664.8221   130.2644   248.2213    42.3667
   17.0144    64.8547   130.2644  9522.1176    61.5208    39.2320
  169.7295    21.0679   248.2213    61.5208  9787.1667    29.9055
   33.2242    39.9324    42.3667    39.2320    29.9055  9448.9772


# file = combined_matrix_83.dat

34674.8024  9397.4621  9447.0663   -54.5724  -247.9795   438.3070
 9397.4621 33061.4524  9214.7027   151.8921    20.3633   413.1113
 9447.0663  9214.7027 33545.9958   126.7699  -176.6095    15.7972
  -54.5724   151.8921   126.7699 11275.3065    78.7454   -19.4156
 -247.9795    20.3633  -176.6095    78.7454 11631.6097   -12.8615
  438.3070   413.1113    15.7972   -19.4156   -12.8615 11517.2810


# file = combined_matrix_84.dat

58317.1544 18029.1132 18286.8594    83.9439   338.4192   259.9672
18029.1132 63088.8922 19663.7918   536.0991   230.5013   204.1720
18286.8594 19663.7918 63440.2155   579.2459   375.5614    72.8587
   83.9439   536.0991   579.2459 21754.0686    66.4907   212.7494
  338.4192   230.5013   375.5614    66.4907 20008.6847   157.9507
  259.9672   204.1720    72.8587   212.7494   157.9507 19724.4732


# file = combined_matrix_85.dat

29448.7856  8537.3258  8470.0591   -25.7659   313.0482  -103.3022
 8537.3258 33200.5668  8777.2883   156.3897    49.1894  -168.9902
 8470.0591  8777.2883 30773.3717    99.0697   375.7790     9.7722
  -25.7659   156.3897    99.0697 10980.0432   -20.8063   162.0103
  313.0482    49.1894   375.7790   -20.8063 10382.9440   -29.4038
 -103.3022  -168.9902     9.7722   162.0103   -29.4038 10662.1667


# file = combined_matrix_86.dat

27498.7271  7955.4841  7904.8090    -5.0485    91.1037     2.6762
 7955.4841 28810.3085  8186.9098   -37.8095    34.3161  -210.0794
 7904.8090  8186.9098 29929.5762   -75.2014   120.2787   -86.3439
   -5.0485   -37.8095   -75.2014 10283.3258   -75.6693    32.7877
   91.1037    34.3161   120.2787   -75.6693  9887.7374   -22.4769
    2.6762  -210.0794   -86.3439    32.7877   -22.4769  9737.2280


# file = combined_matrix_87.dat

30853.6749  8603.1352  8927.9327    12.0794   -25.2063   -42.2246
 8603.1352 32750.7087  9397.5057   -20.3209   -18.3676  -156.5778
 8927.9327  9397.5057 35825.4740   -40.0834    11.0776   -49.7560
   12.0794   -20.3209   -40.0834 11726.1787   -14.4488   -22.6091
  -25.2063   -18.3676    11.0776   -14.4488 11017.5501     3.4576
  -42.2246  -156.5778   -49.7560   -22.6091     3.4576 10573.6593


# file = combined_matrix_88.dat

30089.8355  8393.1729  8428.3658   -45.5321     2.8661   546.4715
 8393.1729 28399.7271  8206.5367  -199.8367   -65.7103   303.5755
 8428.3658  8206.5367 30154.8883  -253.7656     2.9575   139.8700
  -45.5321  -199.8367  -253.7656 10140.2887   252.3179   -52.1090
    2.8661   -65.7103     2.9575   252.3179 10605.6550   -94.4065
  546.4715   303.5755   139.8700   -52.1090   -94.4065 10278.0604


# file = combined_matrix_89.dat

26488.0457  7484.8972  7537.0939   -14.6322    16.5342   204.6215
 7484.8972 26129.9233  7420.7169    -2.3600    -2.7946   169.1513
 7537.0939  7420.7169 26512.4070   -16.0306    -9.2571    29.6335
  -14.6322    -2.3600   -16.0306  9314.9965    69.2977    -7.6897
   16.5342    -2.7946    -9.2571    69.2977  9464.2428   -17.9565
  204.6215   169.1513    29.6335    -7.6897   -17.9565  9368.0712


# file = combined_matrix_90.dat

34031.4243  9368.7456  9873.1208   -61.0177   -10.2587  -667.1644
 9368.7456 31797.6409  9440.9025    11.3987   -42.0827   -45.2192
 9873.1208  9440.9025 33102.7221    26.0292  -130.4520  -654.2123
  -61.0177    11.3987    26.0292 11502.4388  -151.4488   -21.8952
  -10.2587   -42.0827  -130.4520  -151.4488 11514.7785    16.4979
 -667.1644   -45.2192  -654.2123   -21.8952    16.4979 12040.3934


# file = combined_matrix_91.dat

37056.6185 10051.8272  9875.7882   150.5580     9.3935   305.2656
10051.8272 36441.2476 10165.5296   528.0172    82.4291   276.6170
 9875.7882 10165.5296 35623.6430   447.3190    73.6302    22.6382
  150.5580   528.0172   447.3190 12490.4538    74.1036    51.1531
    9.3935    82.4291    73.6302    74.1036 12178.7959   249.4119
  305.2656   276.6170    22.6382    51.1531   249.4119 12377.7096


# file = combined_matrix_92.dat

22539.0787  6180.2057  6243.3176    22.1602     7.0503    68.2526
 6180.2057 22727.6993  6220.2304    63.0451     3.2307    68.5378
 6243.3176  6220.2304 23012.8709    58.8700    18.8962    29.4909
   22.1602    63.0451    58.8700  8028.1825    25.0696    -6.6074
    7.0503     3.2307    18.8962    25.0696  8112.3176    39.3606
   68.2526    68.5378    29.4909    -6.6074    39.3606  7976.8571


# file = combined_matrix_93.dat

14827.9244  3005.3929  3932.9389  -141.2810   393.5387  1526.1696
 3005.3929 11663.1494  3196.1652  -541.2300   147.3863  1580.7695
 3932.9389  3196.1652 18634.2261  -368.3826   398.8034   511.3799
 -141.2810  -541.2300  -368.3826  4888.4002   656.4994   168.6893
